                                                                                                 
                                                                                                 
                                                                                                 
                              666                                   6666                         
                  666        66666                            666666666666                       
                  66666       6666                           666666666666                        
                 6666666666   6666                                66666                          
                 6666666666   666666666666                      6666666666666                    
                 6666666666   666666666666                    666666    66666                    
                6666666666   666666666666          666        666666  66666                      
              6666666666   666666666666        6666666666     666666666666                       
             666666666   666666666666           66666666       66666666 666666                   
           666666     666666666666                          6666666 666666666666                 
          66666     6666666666666666                      666    666666666666666                 
         6666            66666666666            66666    66    6666666   66666666                
        66             6666   66666666666666  6666666   666  666666666   66666666                
       6           666666666666666666666666        6    66666666  666666 66666666                
                   66666666666666666666666        66    666666 666666666666666666                
                   6666666666666666               66    666666666666666666666666   666666        
                   666666     6666                66     6666    66666666666666    66 666        
                              6666               666       66   66666666666666     666666        
                              6666        66666666666            666666666                       
                              6666       6666666666666666666666                                  
                              66666       66       66666666666666666666666666                    
                              66666                        666666666666666666666666666666        
                              66666                             66666666666666666666666          
                              66666                                 666666666666666              
                              66666                                     66666666                 
                              66666                                        666                   
                             66666                                                               
                             66666                                                               
                             66666                                                               
                             66666                          --by Bootschool.net                  
                            66666                                                                
                             6666                                                                
                              6                                                                  
                                                                                                 